0.4358
0.5415
0.5461
0.5429
0.3623
0.3044
0.4619
0.5494
0.4972
0.4522
0.4558
0.4274
0.2680
0.2184
0.3341
0.5445
0.3023
0.3068
0.5419
0.5511
0.4800
0.5287
0.5254
0.3777
0.5513
0.4352
0.4248
0.3203
0.5294
0.5102
0.2832
0.2960
0.5458
0.5485
0.5402
0.4089
0.5434
0.5386
0.3506
0.3655
0.3816
0.3105
0.5502
0.0906
0.0474
0.5471
0.3842
0.1415
0.4140
0.4076
0.4307
0.3972
0.2351
0.0019
0.2725
0.5401
0.2514
0.3279
0.4749
0.3291
0.1845
0.5507
0.4484
0.3829
0.4221
0.3020
0.4011
0.5244
0.3790
0.4471
0.4396
0.0098
0.3228
0.5024
0.5424
0.4111
0.5168
0.3688
0.4929
0.5478
0.4726
0.3420
0.5263
0.1973
0.4115
0.4784
0.0586
0.1544
0.3379
0.4657
0.3171
0.5462
0.3803
0.2972
0.2433
0.5278
0.4720
0.4780
0.2948
0.3967
0.5158
0.5509
0.3166
0.5309
0.3544
0.5520
0.5390
0.2555
0.5013
0.3178
0.4282
0.3751
0.4218
0.3117
0.3129
0.1673
0.3092
0.5370
0.4963
0.4635
0.5204
0.3589
0.2657
0.4533
0.5150
0.4421
0.3191
0.4852
0.3243
0.2268
0.5440
0.3519
0.3216
0.3489
0.5043
0.4496
0.5195
0.2909
0.3265
0.5502
0.1888
0.1329
0.4606
0.4102
0.1073
0.5449
0.3894
0.4475
0.2996
0.5317
0.5497
0.5266
0.5093
0.3783
0.4139
0.0402
0.5159
0.3609
0.0703
0.3815
0.4857
0.4499
0.3622
0.2635
0.0664
0.2985
0.2830
0.1759
0.0865
0.5353
0.4918
0.5186
0.4205
0.4167
0.4702
0.4807
0.4819
0.5131
0.5520
0.5519
0.4545
0.4050
0.2783
0.2876
0.2714
0.3366
0.2474
0.0268
0.5482
0.3241
0.1201
0.4896
0.5500
0.3532
0.5408
0.5515
0.5331
0.5371
0.5490
0.4383
0.5507
0.3583
0.3278
0.4377
0.4818
0.4829
0.5230
0.4678
0.5384
0.5520
0.4243
0.4690
0.3032
0.4451
0.5345
0.5517
0.5177
0.5302
0.4166
0.2691
0.5491
0.5286
0.3315
0.4875
0.4301
0.3920
0.3442
0.5520
0.5277
0.0300
0.3454
0.5435
0.5297
0.1158
0.3946
0.0625
0.5003
0.5365
0.5074
0.3686
0.1372
0.3385
0.3142
0.3468
0.5454
0.0948
0.0054
0.5183
0.0149
0.0007
0.3303
0.1243
0.2984
0.5500
0.0177
0.4446
0.2100
0.5428
0.3634
0.3764
0.0989
0.1501
0.4946
0.4326
0.2806
0.0123
0.2058
0.4961
0.4911
0.5044
0.5517
0.0333
0.4231
0.5497
0.4760
0.2870
0.5483
0.3522
0.3660
0.2737
0.4667
0.5396
0.3556
0.5034
0.4153
0.5519
0.5271
0.3353
0.5171
0.2793
0.3455
0.3480
0.5122
0.5494
0.5466
0.2760
0.4256
0.5084
0.4063
0.0784
0.2795
0.5505
0.3493
0.3881
0.4631
0.5516
0.4409
0.4054
0.5213
0.4025
0.2703
0.4427
0.5413
0.4083
0.5518
0.3060
0.2669
0.5028
0.2841
0.1802
0.3417
0.4545
0.5505
0.4761
0.3008
0.0548
0.2595
0.1031
0.5393
0.2900
0.5440
0.3933
0.4907
0.5378
0.4568
0.1931
0.3596
0.3207
0.2754
0.4950
0.5316
0.2936
0.5471
0.5246
0.4996
0.4655
0.0206
0.5358
0.3907
0.2392
0.5054
0.5475
0.0035
0.2016
0.1630
0.4699
0.3056
0.5488
0.3316
0.5408
0.2309
0.2912
0.4643
0.4678
0.4508
0.3712
0.5520
0.1716
0.1458
0.3557
0.5456
0.4582
0.0236
0.5518
0.2865
0.3725
0.5012
0.5196
0.5509
0.4613
0.0824
0.3985
0.4993
0.2924
0.5467
0.1587
0.3937
0.4295
0.4320
0.3998
0.5058
0.4333
0.2748
0.3855
0.2947
0.5479
0.5345
0.5519
0.4179
0.4127
0.3134
0.3738
0.4570
0.3429
0.4979
0.4434
0.2142
0.0367
0.5103
0.5144
0.5220
0.4594
0.4269
0.4940
0.5255
0.4192
0.1116
0.5421
0.5232
0.4841
0.2888
0.3876
0.3868
0.5487
0.4402
0.3699
0.4024
0.5515
0.2675
0.5088
0.1286
0.0743
0.5307
0.4194
0.3752
0.5221
0.5336
0.4740
0.2714
0.4893
0.5474
0.4459
0.5518
0.5113
0.4772
0.3350
0.4795
0.4714
0.0438
0.5131
0.3673
0.3404
0.5513
0.3080
0.5514
0.4982
0.5117
0.4037
0.4521
0.2853
0.4885
0.3996
0.5326
0.2818
0.4345
0.5238
0.3391
0.2771
0.3720
0.0075
0.3097
0.4371
0.2226
0.5141
0.5064
0.3253
0.5338
0.3647
0.5362
0.3959
0.4928
0.3154
0.5324
0.3570
0.4737
0.3846
0.5073
0.4591
0.4863
0.0511
0.5444
0.3328
0.5451
0.3907
0.5511
0.5208
0.4838
0.4874
0.5378
0.5352
